5493373725138635162591256311478323412941111274759745866614884894644592352947381337979664198628191464513674894667297737855458452158678942321349873497573692477798667323675751687399433618691951427343745774
2212372538941854815496918658898818961111111116916599298111111111191216164864616723285284287512955111111116993274513975646315784616111111111114417169814711111111341574988456954552687419985731111111111486
2645111111111236235841111111753147511112486311566783431112111111111625864111111814819454865198928114467113265811111119429158651111118642614636839418211124275111196296111114596811111936318111153941116175
3811111111111114911361114746154248111997529427729681359711123968111183136121111133564874311936157111457127435851289412973338211139529329228534212844114213588321115611117718376476411194654115328271922299
6111146639537911121146113226195713331153797566815769471291115287611196779121783114892891818281587163955727381513323112358378211825723987911118548771634469237891181159414877892911116533853111654576944153
1611577576375117114754131115391373796111278686915927514495961164541148848111742169242588786459155112723814557279892614338822614616331111424116158316814587381211363119972935511546933792195271113162137192
5911126348911117391869438896658416628835144481343638487462417383911152737411134539652419385111673411877968521496827114127399411111111233411112894312971111119112744341111111628511835522233117357252232265
4551111111111111117254663312514634699495568649789111111111738532211321264511112157341145344114156165112541429354573511621121461111451111112111273113199638351116968233838436121147281122883111159596778534
2667111111752171831679527211111111188895824119111111111111118768461468385681211562811656311162634599114345957111135381859161898774753121173918562513432837891887149522135511111112916865169111771113387523
1811198133398688535994822411222222117532778211111116531769119769371431111111111111114999228177195399411349881122143712111623339971153511835858742937698116792769453164461119226411678857311382513231918838
3552891594966181118499882112111111111163323111179279364671773684231111112212197911942453497311296439232427111222112898879451694111168411196165455243211121143945526583111783743883416231155598351163169264
3534121774496111111115139612138686435124871115647233217856154873411111212214752416412111429591317828468111111232127937336337811122111815534189386846315194115285316111116941763696454711362895343211166862
2988825131336113121781197511112264547128332111571983711111449475111161612218397164411121273161181295111111291232159313445811112222114711777278164234412345662896218471265371677282114613594982694486116725
9591111119275311274672568849111193484122286711111111116217111977113697912116595931112221898579311111111712111222111111111111112332126111516281144762911648392526118211111158836739211319247114445765118795
3921111111196526911416745792771111858836395756857965453374629166157126111173624111222321215811111112482659112111111111111575412322175114717199486867279111122354122399352796366848857118395112418111155275
5561148128119352443972181844996338687877172264933761111111496697181358111744111122233321211111553725626541111162945246248631112221182411111799767247457571111111129251662376212829673414624711891961257696
2811113142611229916137791117977996961662392633568111111111111385185641116851112223333221111221111111151111119532511117519111222211245361348352311177919543211772598385354694112747341619588891115111215143
6911361231778189682656111211118694311111111143291111974171121946152811146611222322222211111111111122111221687424511931381112232114117917351661112111511871645335551423931112671111736171173685311139253939
3111715875515711799531121111111214112111112117581215966512111711416678988112222221111112376516158111111121111113752731111112332164764357939111222128211111111174175111116175161311163161454271255635884691
8311164921727412564447121875111259121141311214881111587577411832862592111122211111147249442425351663438111112111119342736512222111111111111122222112711596411119481851785341541119336534898771367967137712
9111165181113161769237111499419949121949921219229111143263551275223711122211113335383966734422626579313671311112111167611111111111112211111223221166711267686511456929443755523371346362758459645229793628
7511112111274319592583111111644221111136611112721581111411164213141112221113379712472111111111111111135872131611122111111111131612611116171232211759611371395811282364918124532848121272822987111111119777
4479111117214559999586535111651763112114591126588279421111494838911222111169944731111187444184711211111117215746112222157356485454345418811232114416351276926431897685674484111179599971352381117267531635
2814191178151611111113469998111761111117326165515542421394599191112221145574834116736465657266718281112111112851811122115489331111168747112222151432638476224261314444941111111415521154685417733445421914
6114553458525111111111184913881263641311168184911111111131821411222211365264551738869579596111154361156574112648344112211983769427519511122211138585263619668191922361111251882495763152125311764944111972
1249188276171111192221197579875754418193378782111111111118611412222116386259414652267281111113889982811111132261582411221119919979111112221117518111314534771912553981125368291629778136374217266377247914
6489979189821111448835151554111111111658363551121344961218634112221167281822646932484111221164815311111672451222481941122211412113111222111332314181117437994259297157113411119165511111267417791987884667
1659241556949111271687945261111131111111195711121391851118941122211632163843413658921122221396331193582368531111116715112221768886951111161921567611771114294421976998111111653361122246117173121279349157
6757111442417311118338565913113515541111126326121113331113981223212326111597919561211223321139484595191765641178911178111221113676959112524843864421186311313766323478371926359891286857611671373288735816
9244162154823132311118654943111134131341113198112181811146311233218224111151798486412233322115763454111745711169157493121222211118335811577515877811123161111511759111111828126419988146116642176111111143
1882153511922746529659448275811119446717374828111117911732312233218472974155718117612233332211111111111735811242235687861123222111111111114283244921165843153719551136511118446419192531163562591823881197
4281189571119973522375118123657711111111166761341115911384212333211225146385358949211223333222222222221894411749288988986123332222222222211166998179714925112233112144631111156326571212544195314457191126
4461115781215426871111111116846379919859528127913178311215412333219821114827454231771122223333333222111111111394431175813123322222222211111998681139172536913383113399412411164338487611484116263424111987
3721127771218387411117354162547861841581116619186466971964912222211111111111658916781111122222222211141112211861121111688123321111111114275649296126776942516237698121172111685842775997113989329938237358
3211156851118374111751822417987911111111211111152119361182712211118486726911111699753274111221111113474312211323523611429123321734843379235581671523165327112292199363111141169794271111111394392769357426
2791181411154921112821555195771111222222222222111165476339512111996724375289111112812742531111461657871112221114489811711123321182224357811111111184511259166132189824475491968111111573411114471274715529
2662118111586148111775111313811222222111111122222111851714511184811141811753591111373399119181163111126512221158949211395123322183212815681525586119559111153576678791345326425116288161121111199848266314
5726611118389522611111163114112222111193676111122221111311112691111838617769482811115254891548935157551911111294554711898123332111112253266192747917599556614333111111113685611188513236191119287111114465
8928415896113859474233937571122221197795179163111122211112211111176511114456471624111118365661799998111111511616238118763123432221173281637858496411115895798111111252611115411473148951111811591166111633
4589849623119241161173984181223211628711111167413111122222211673593294113511197977311111111111111111111112111796861125488123433322119947251887431181924323592144894888751152771525491111379987781658321119
1585252871112111939247968811233214837177882333184629111122211237912451115825167787188381221111111111152826116288211499941123332222211741245531117447662263544118929526111871851422146473711574619521251145
3216783721133411193736846911223217196556482391741861565111111111352919819935915397331111211465979382226231111247115693211222222111111117984918912767411157561111393711198198327388278111111295296973211247
6664933311788511874217977841122211221781111111132464912891578511666219967296469191111121119141473285394911117661118264812232111183682115412159881111112111856111167437227713525491211115511119388731467396
4453661111711111917144658238112221185131122222111166572772717791111432264184111111221111512168479167591451187311264819112332121693899111111111133977122221114916137174515469572462611168733115331534236526
1627453411112111431197111454611222117939111122222111194455171963687622111111122222111662859728942374868471191311882616122332113922179111132891178971123322211123611198531111111175619754171145837577589498
5738319776111178251118831871931112211113587111122222111111111111111111122222222332113687471431111182375481758679121611123332161111575111244411377621123333222113134332111111111119711719364985442811164657
4213311846514884741231111884161811111111118557111112222222222222222221111111112232111111111111118216377211767937347112223432111937484172115115787811223333332211952511152617588117121114515251481111111827
3118921185311328611583911247559593341111111292912911111111222111111111575126811222222222221111953856111169437992595122333332221181185544631163417112222222333221186511217413221117129711111691111181521174
4328331171139253121127111134177515393996456619222583162221111113658291132487391123333222111187847911118511178412911122222222221157162596114881841122221112343322119811847483111176959581127451519322391545
9348584117496169541111118191111111787861838391455979343994985411111111215985435123322211166327231117665511671779112211111111111182619711123158311222211712333332219811588131179815261111111613379436611228
9316842116111411382611164131111111113895411111113122959779118494648811231634271122221113836223111462511192845711122119469282393528472115147768112222117712222223213981817118653111111111111852227736945548
2411547111411171165263317511971931119345511111111859923968589542472112271731111222111184585411231511119945421112211158414588189863688313771511122211131912111123211932964844861111115692981642919633864712
3111541111213155111746668113379411184223511158211249147811117981851154321111222111111289891116125118859139691122117989314711111199294943851112222119525811172123221527538436141111167545561453246245389863
2951119113632115114197657124776512171871721157571163861111882397119733111222211145691986293894511778616781111211153821587352111515362661111222211172525111175123321657945949221112722289597495546111112639
7475211179317119113299341189167411184957986141834574111895763611256311122221119878731198878775116271154721122118511511611118589874651111222221115145251115421123321729531211183111139679255153311151111329
3287219113552211117698621885141111328111111127365441113994841112281112222111374891519111114421765115271111221119638756192235525111111222221111268114451119232123321537127112135931111111154184118116171148
5537863964256491265877323433581189331111111939774331128721117296111222211148424869642212218211111815911122221741283888281111111122222221111736351696711161931123321889611122119321247771835948115988511196
5431296748141821689622754421732919711183711195619251194111591491122221119456272221418112116767245668112222221111111111111122222222211111448294113851111154421223321941112222216735776359287785176764281163
5814237269167473584287485439788517141587112152354574111137296211222211685712131851494121191641675111111111222222222222222222211111118245276251112981111335871233321111222333211767711111116745419361691172
5377211918131753816145754378117666481168412117599294354999891112221111125519664436111111554626111111487391222222222211111111112737213879211114452111116372711234322222222223221874111891811483544468111166
9129721752118115711664121111111558189455211123125213782123611222211952271179886521121116166411115283123111221111111113149494923469219499891491941111675628112234333222111123321117117719581129479666789858
7483121186146136311984176312451124183552211348423881568424112222112323112191814171111272411111177661111111111194714939442758111111111658656911111117963611122333322211166123322192115529996437891146577953
5473351128134114551181263186261167238213716718155111176961122221199431111597115411147278711184916111111119428754272824141111111111111117886111113334921112223322221111932123332147119611866577167982755787
6214191136114313211152857164711344549872542571136742193911222211398611512511662114144151111295471121116934427199577111665688125248612213481118224534111222333221111458993123432191811128647516855311112657
6221511999119714811111954331111943286133327811386821172112232112145116192111521197415211111839111111823795821932195111587639524825112118553459419731111112332211836422252123432123747849925142634216411677
5388118781511116883324111111254439178412613711446991138112322125331163811111111687817911124811121155445277411592111129869912338743111172168363269111112912322112318871144123432111787698883233243184311551
9464147669711137583541768965186781719411679211647221697122321137171177111158486891159111836911211387351158419252116748254841517611112589239149531116699112221184113221182123432198896991111161616189371784
6728451125249689916595326493936911114151169411726212254123321687211921116555676855875111812112219145311992113641184539533461111111417194541229111119871122211718117561132123332167381115764271146664598227
2854186728362856614543111294321111683111974541111175261123321291514922115116471211631118116122111325115981174811115654311111111132518978361511111894111222111271311481179123322148411731491371154262245553
9821213219948223741864536311199611863111423419522238931223321119482533114587287117161213331122192671144321728311957186739391261117183922511111235751112221139172911191251123321174118145349811877161397326
9811885112967777671193824411698291111158453436548455881233321862457459111386731147581218911222118591436671233614533811185239791112111111111142998111122211187442112111181223221694116734861117822422957619
9841891189897739395111141811591247696627355214276949721234321313111111811131111155781218151122159871187551775514543771795749411111111111497133398112222112659763111111791233211481113993434614255111111446
5331111197211365121251111118693839444968653172114426881234321829781112376111117732351113428122117678114531167814488496781931111321876831311139321122221179127211114117911232218635311364773731111197311439
9227684253814831149837411269686434397357191141111948721233321212271119295324141177125119542112211681311234155512821111111111162454351111179978111222111594965511966291212232114941161119997111523188118756
5421925154111347179855967256383451566641811173211232351223321437811114499336688111398111426111211317281111136818981111111989148197113234741111122221141771267311188529112322111635944498532114191771748564
1285955591163721121332151377549691158116324113921129751123321951111196111111111113674911183691121119224511744614258531154293325935379843171112222111324811834551118381122221131121116584571157557317686376
4582551111126311921579114961143381117215445711111176731123321198116132711583611813513391113427112115839544354119623591111111318875748269111222211125559113711111145411222211644111111158811743118848163145
2311691962111111817562713714195411138754221934465549786123322189111311619878891878142634111182711111112491138745967111118521174213476111122221114645232348118632299112222114771113624113411355623511472372
6613248915412378789329311811311111864261665458724852614122332115311197921916987315115217731111576122211114712625348635339126884411111122222111736711137511216669131122221122511144651311961111111182859289
9118589541379335317444411955517755621157111199111113695112222211131148497629111142111464835211111123222211111795359489855691111111222222111179316653811779717488111222211259552112992891278981771362111483
2129982692585999137822112761658262371141442877657191113211122221175132176215411559711185234694111122222222221111111111111111222222222111123957867519911584974811122221112546412112984371125598745411381512
3111954211374771185211114434359653111172278611619444119458112221139995823985511133761111724181123111111122222222222222222222222111111147312185111164611284238111222111163776653119617951124951898519391174
1584754175137343111117148678675918151111492469981111191885511222111273111954651111947181111631267158678111111111112221112111111185227227832211111444511883111122222122261311111112921111178342975176731169
5354251284419439211264283155288451525111111111111144431865471122221136111143633111113876112531211114375175944357611111711182587965794583111111119649115481112222211199541111111461383311664924516779891183
1614831983965181257171531762131612285951356171744792536488489112222111122111554291111111116689323851111111111532595613244711111157767111112111139854633111222221117788111388117694112641816231962298721288
7726271124681131111876181118221136664725111539916185228114494111122222222221111589552111161545428666525971221831711111111111286311411112211181765419111122222111666811599161136181348963891131137482811777
5548446111212116941236276111118986312951911825958111116711842583111222333322221111344191319339611111111111111759173821111484165311112211119522491111122222211183226163421567889713279321713137179871172934
4234131311123625758494518997865522611111111143231917631111477997261112222333322221111184393676177221111111273955951745666931111112222216898811111222222221112668711374594943397251111111183951111111879935
5769111321981617461111111293466471179573211911696763785843988315274811112234333322222111111169271721631351442493894911111111222222333211111112222232211111918477711111146674182111112766354177287874628423
2239911934391423111799268718911531258127871928917336991276629794243747611234444333332222222111111111111111111111111112222222233333343222222222333332116875311885266353837442311112928273794148947711111729
4929231516671458591174478576116984684932555141861261161394667194735181111233333333333333332222222222222222222222222222333333333333333333333333333332123933945455877148689111691117418471115921834116611365
8547151122186661738111176231115953311111111111111111111111111111111111111222222222222222222222222222222222222222222222222222222222222222222222222222111111111111111111111143369111111116841919573114781883
8487831138197274189544111113482169857623711111111111111111111111111111111111111111111111111111111111111111111111111111111111111111111111111111111111111111111111111119111239437116627446121263831128766655
4571661213115962614975632221951514151623449813486292487737796823129526416113754239257379353333651183794167896185171842517627114896371825718619528117373232246458114875444162564896671111111114781183374881
7363112143711639139619143262388183832711251518411111111138725111113738218474811111453557419611111721463963268883925459381111183788362972111523822813519111111119259695111111146266911816689211766164282512
4169343197311111191145191116112679373193113971113415111115711148611115359311111111111771581148848111199933171111864328111111111131295111111111125552611111172511261881174121119184114914694761242111529579
7656882281758521147244897421119345512175891631331318361138115255771159342165932993121233611441968518939714781264116161156853379112241126764734119895611145236119232128897763119498113934869111733851792311
5484113663281486993626219446115291115161311421834291111196111481111814266592484911111986414375325133697431658844114351136755544461151671835351128511114663137235777595294361914978511112814632362764235666
7297142778836571611131844111197461116487113697499471159177731111751458663444111111983931269774818373615383112233111592113743256995631939414315411171113836311412685946678285616974441164581361737346125233
1581949311618155259841175786586927981161131261799119398991822653522692296671514163985217378894717511111148221142144291111282683197134849811521334863974611171487993622858594689664151412896219415111118854
5991682181841116351216811978355868464864149541292383841975988575211925922589622323887879857661866119284711655697262983431616226137578949791111191315659813992342311543668112116164584119569121481154511461
4451479592486173911333981815966111111132425193651911111111164331152111111137198185711151111111599132223711448287188296443172971124514411366763411114349115887566341113751119286365192811632617119578711711
5621546953297159911448711525768473645312111139583447142123111498111472381116647818569266954611165412744476164416454225932917851162858155395265894117979119258156548911192129819153998841121921473184111436
5951177914321336871152114239556757697555881186949749767645115537831176841111112745111586851116442616138229172231651732723657356113794128645359111115216511194118845391111134717711975611621498141327117238
9391111111111671442111167181877811111111147595668191111111666167861211111126118112392111111793757135515666686443111111111167715261111137372216728866874242111141363948113554451687211555223688911111172922