99999999999991897305993986991595297155890008041282703006429938799900448076856767962121990202628368705519951945158685057111278659385387995819438528647252630618288907040729686250
99999999999969522992477586015686751354783083419241372350654706506832314932435567197781886985548358623783398318223920689244350050883571312667089721101716788158376211444839428892
99999999999995919999179399154951439532497604566911489337382974211961108042364379633273536547546921078471138080672484628716666269751595000147798679519582655111040596135331033760
89999999999999999999999992609008505484228642480220938230860238672444402302042257732537017417769999957620694467932375370780185588887591453821753654729844680806739127657242175353
29999999999999599999993610489029085882510712317320637248410074752658897096302248139999999580999999995761599999917796792304857695523238669343906094335368444525554875082211067494
53599999999932899999995316402677234438220504879931950663001853957630130663322416079999999999999999999999999999997077669997477128237973715697706801196811087011861821965640752584
79999999999928346499900800153745569095066112158000867174026378840655501599999999999999999999999999999999999999999999999999860162692240143800091358110943828900259176150623594299
34499999956856760557148340442474119026891923192558355474091217759431454359999999999999999999999999999999999999999999999999971997993190180150836519902517789614527542974277153540
01999999923453122905528254668537017149364609820891892158312281340399996999999999999999999992724199994374299999999999999999999497159675641812289519890967945960439702819992819128
59999999946494178347639260785875157336901313895246985551752889999999999999999999996591499999756319999229309999949999999999999999999999235038444227876179631279964526078964968737
99999998028603765955898224306809465768282651846154333073891150196999999999999189999911791910998930218553125969648126999999999999999999724052468549452502134625777045771994663808
99999992219991199938423882505918957807738474275189578547368711747999999999823939537274594604759260442821078493615675999992999999999999981709977992393693971141205799121634817103
99999999999999999550840639816379807719367815329601124340019999999999994999939440259955561506539726575567472242599574599971553499999999999975243807837391284224071598011938424180
99999999999999994705563556800419987800434329621991071833989999999999949749650843352633624014182151851868246741623421079591416499999999999999999951765537774715634102342976574948
99999991619999996481437618712431164521934125070687642732389999999999991891570994526207096657152844949515642700403292682741550999999999999999999950760235589600885049722610944955
99999994114166131703835037422521242095391961538360908966999999999995608408542256867437164830995272166088704054925114497544794449877182999999999920892860975592180376933195685024
99999993534946307930688351480912614616941279984439392999999999999677389542089982789186639862613923114405372269615274823827655333880620399999999961980699813514122618329413844977
99999929765417955292037139682079597484174480733720399999999999997415862349585358740822329337215934864436380056219634845825886427375221699999999993997856300384317277035303260693
99999949358852577994418010726066633262993520049263832999999999606099198913769661621845541217516829672842434017882680970703151159991799999999999999999999917244814864956610426447
99999922152990687622128235946436583914317950951717710999994983177100926934399462831763486421618955066216670577937897992050687667712690999581999999999999998213229674639960429237
99999979994499907326177301246678207671975349968934999999987579486146621356658213785331599972995742929077910473194014681194682867558576669650979999999999993223679150399374893203
99999949999993926854327938885161745482353237479344999999999127460962892549968293957999999999999999993237608122244984870734080843880302071674829999999999953383057761518174830217
99999999999999833606797799960850586529457493387842699999329366032707009896071629999999999999999999999284072701220537418112223366659720204542713999999999696196219183879226268214
99999999999999333088119531950473280922488393325773799993384802443884081340539999999891093419849899999999978716738915098076652974840604612615599999999999865817499597730518656463
99999911899994200855089397048333665301245695573069999999967110233822399639999988510266357462484633939999999940654550088917377039976885684487799999999999999954222723589092444784
99999991140227086932809378468035103936164517635399999999941512475876101129999168530811253846171482793999999992316679143306581256098794202815311981239999999999999839572983644464
99999912516851937994808288481351667011463786694999999999126010626061062999983621332421321178631096942859299999792206225066152808752005707947944935592999999999999969411971807820
99999992592049461150346248896925332577167232245065999999235376766624035999988278598888884107039681559397399899999573407900085792828332312573006171507699999999999932151772701199
99999965796157999768972744105967676631143801986174999999948232808961539999444121888999999999265816467991574449999821252036691154100960484536569543340599999999999507421653947522
99999916992929997006981371930119586745396533203399999999253094830277019992312298888863013199992950806937749999999939103624784440397327070432211892099999999999996658419776428302
99999914999999438188620145400652987736047041198039999999623315616709249991555888888888832272999623542589550095799999194249690195973728952129245721499999999999930771702171610441
99999999999999993195895795088133747874591640394390729999936125486905169998517888888888884579199994942784234946799999321266773304176396633824150151376495899999999999335967283705
99999999999999980763877115001999135997441055347123399999990598224102473999738248888888888193629993829704062766999999847069585652574396545690700040498947039999996399998972091894
99999999249995141494223878274786096548936888963533999999344496734881440499938792888888888118319993282292578721423999895431529002393807174917445438987594199999999899999941199178
99999999974429374459984642658393719323455644445839999999999140278938434799998764133888886264869999009379278839970999995097053455703435116879158537597137673999999999999996755968
99999999927316569411896894423675038778561205543196571939999969159951821049999999999998896122649993804019978987699999998282583088181220304259978884198297210299999999999994797672
99999999936011630194825251428817990840177119285728943899999975064979720153013688888422174020999997295724671913499999911955532561662682054776340645193895499999999999999942641026
49999999995128526998241068954911953849369705108130937899999999937825922698772160827968782891999946959570339149943399991914387730358367177123177474062477999999999999999219827118
79999999995299917990888489962615778023900566952793755762219999946142717179218024223641926499999935862016207693245999999472821903125847525913044792630011499999999999913870866482
66739999999659999999647746267300543017106230729684727927149999999997899347551192149318045999999709697616802088999999999159005497314355750820290051223827399538999999993686151722
05759999999999999999831791333336597654992669814172536969789999999992399592978978607692999999921810918058742618938999945195502123387302874915917300480457287819819999999998706891
12461999999999999992736669638011682944503112164912325819112845499999999454999999599999999992420023405588357499903999969923233104205660503548790223754752136274411999999999933473
75799999999999754739354411347032383318347776151184559385558114899999999999999999999999961746073821444938653244889999999416132620728083180721948110356499773587535699999999999824
63999999999999995319763022806136233673050934193998969281166256876694899989999999999549613353470643558140346349999999999735464454371286732043813403192797619112511599999999999993
51999999999999996481441649118629586287865880828640674272349463309463364611299221112728283730903875649777525121999999997991136547751723299885212451998775146319292499999999999998
52699999999999999396164799472262637236510246905851984752653947829845901612127611809399226701514893074698411978999999281587836344388433053657197838955087432999999999999999999979
93981969999999999998999999999289764125260640832827331472487099625314667485787264948073591971808532243266079999999999136864413550361291514916233783130487123999999999999999999906
37674791499999999999499999999548059295492248872824472282006106215013906368851602682793573264803742214064499999999999427406478395948137819464499498545845479799999999999994993772
36349999770989999999999999999749273914233769857417960468664709177680816574013717717619876775251224256924549999999999174184682079267734899923032232787175689997239999999977811465
97576462386199999999999907181586376943565522348118847794859131503545499413927340233057633625632743411015199999999990481765733897790312641788922014602856609401203999999978243300
77488940644224999999999999755439334932125727787938817973309278333342078314922678735409322615511843829999999999951602340547328749498535667492639243394632627030469999999696999117
39616759311079999999999999014997424998479219929920259568475549519535567381716912846780735008789985999999999999933307833698811154494508442170202132264969132895984999999436891141
32189137181279999999999999999218999999957242980856013473807701050591317231146260016740244061717299521999999999999907353758718347422109259204298519785396505715459999999654999999
94729674184709999999999999999999999999935792318746536314856939704455681641993053924991014865748936526999999999944192543126088119687547694280404715900107557016949999999999999999
45315922105762499999999999999999999999960357089273076723145231714179004233346683765349642399999992699999999991874386087010060940676093813166808797220216315599999999999999999999
77561123256284633691959859999999999999999721689999977691882215573473905668938197762146979460999999999999964811717693673674797769263095201123838049351668559999999999999999999999
38335346280493103999436091999999999999999998599999991198792119524676606660558224999899916844299999999999774679358910051982981236777263204039144540674623992999999999999999999999
85982551438689302423969545799999999999999999999999958597779999981499849939983214919999999999999999999999896427257991010308358292176804946313132606350648172999999999999999999991
15640274784987885033170173299999999983999999999999994185033899992733675899999195599999999999999999999993960861979498975909834030455091711886020638131171799974199999999999994583
95300850616952323818975133599999999993749999999999999999999999999626020999999999999999999999999925623173164653512999959616914755236047416102589229463548891107325999999998779794
37625555084346425999197521819999999699970199999999999999999999999999999999999999999999999999992385816111331357725897319574644603019609280976376029019677327801979859999999989466
64504555399628970329999903721634999802351999999999999999999999999999999999999999999949999999999997171843106007459397962136150146426653368940631332529310283127534591899999999660
05599834284814424292713146291657499918937799999999993589999999999999999999999999999956729999992122734237084577907597904238227012072831304673600234192992238372592545799999999920
10985052927316079646593829682728029573438579999999989953189999999999987199999999990279678893293599144743262945503807387997732464540769458553629682215921725479852375679999999953
69412597223311848583449074632721025714173621999995987543139999999998989860999999999985123138059626524564104308510692816495446906593293815227993519859573614860231899998999999992
78817542494891026382150412189099236791698344737507993014271999999942775849704989319962373188341539204046991992337159586220280287867964005859802118138479999999173299999999999998
12370687738410378175672694131260878656566210266501999231677521442099475712178596684758820223944072382555491060670383311734598611347731469209525613130299999999976799999999999999
42845732532322181707588552535008877857332173412311148677181412527557752751929939393419394430325453192860351768735342439543967574546215692663478571082449999999299999999999999999
10794386470675950270795230854463996262018758683242271691074345814862304294857534824982903888986710806752625140607322776697864388719972169583930963721359999999999999599999999999
72535912791433851600481029482581987026531535588704524672961392526700480917133901007319343645583831969216362141500261007681383710725075063382070955799994509999992962999999999999
23155100797947134495905076396351572346536522938823336019051660647884713471783928717734663653413068647914653875671924883539940998650076523810013402991499519999831932399999999999
34116701192896640539832196985444823761162357087815947515336321208102951458920343499929090905546778351771204428563940147345612921371029580479999619526930321749980246199999999999