8497513567
12290516567
16060024855
19372929766
24039744932
33874581351
67238913317
67255424835
79423430955
90157141950
159992255085
164054208570
319012666219
347845121981
532354086308
542851041998
657751397799
747514218727
769044033249
772012789979
855206075602
876620781963
1035444494519
1039713861496
1073471727227
1187861067800
1331061384859
1431212586755
1484710704080
1495413734662
1599825960470
1601968699872
1874634010589
2047176348367
2101562481424
2109449869071
2161968469250
2195537268027
2263925584092
2289985027388
2369162020226
2554752313216
2790201700086
2836345933224
3007094943189
3009134573643
3080138028035
3120995405601
3277001585580
3466664955608
3472186479985
3474781674240
3650706794420
3712467898271
4085530922316
4225741360340
4385496123757
4924753014824
4963819851146
4991436909725
5307419423147
5369028942699
5385692996613
5483743620712
5710367803828
5770022321665
5894843295393
5910299992609
5922680447603
6025915435405
6121786128235
6400660775736
6447862855656
6853151427811
6923503481730
6948964157915
7240085506743
7402233941391
7530265606777
7619053119837
7697521505430
7716140769363
7837661526513
7853015199653
7931531464845
8242644425630
8272079296245
8305603715101
8477849947828
8615903057676
8639959856601
8779003876726
8939787950237
9087739138661
9113389892079
9234278699936
9417196323276
9664054308749
9696773182624
9877572153067